21001078023
20101008811
20201027748
21301017631
21401031434
20501077334
21601029040
21701031879
21801011129
21901029403
20101006110
21101029021
20101058484
21101029091
20101021663
20101077875
22101009534
21101078494
19101013287
21101030627
21201022614
20201031640
21201007409
21201029367
20201028539
22201059698
21201058325
20201008802
21201077362
20201031432
20301011338
21301024929
21301021004
19301017744
21301031205
20301021509
20301059839
21301029368
20301029278
21301031757
21401008188
20401006364
20401029206
21401031185
21401059069
21401029496
22401008667
20401013042
20401030814
20000986481
21501021648
20501029233
21501029289
21501031381
21501078000
20501010230
21501025720
21501031007
20501077265
21501029928
21601031452
20601059004
22601058456
21601077358
20601006812
21601031610
20601077769
21601008348
21601006598
19601077392
21701078946
21701055584
21701031320
20701006208
20701054870
21701031926
20701006375
20701006335
21701029146
21701018876
21801029570
21801030216
21801029171
20801013174
21801025064
21801024950
21801031065
19801033099
22801058184
21801028836
21901031025
21901030121
18901077873
21901054966
21901028328
21901031287
21901030251
21901078128
21901031293
21901010323
19101027694
19101010376
21101031462
21101031440
21101030698
20101025293
22101058850
21101031828
21101029041
19101030182
20101017645
21000928318
21101030523
20101029266
21101054176
21101030848
20101069137
20101055457
22101058798
21101031125
21101017102
20101068657
21101077907
21101031988
21101016496
21101030671
21101054200
20000928043
20101010315
20101029562
21101031484
20101031285
20101058713
20101058303
20101030688
19101027767
21101058890
20101029032
22101058776
21101031906
21101058870
19101030072
22101006032
21101058560
21101030818
21101059374
22101077931
21101010242
21101030933
20101021432
21101030515
20101014822
20101059103
20101008686
21101077544
21101011411
20101006244
20101013466
20101006341
21101031962
20101006026
20101013521
21000948759
21101010693
21101029351
20101058572
21101031425
21101029366
20101030247
21101029796
20101029547
20101007656
21101031997
22009217619
21101021400
21101031769
19101021212
19101029766
21101077092
19101029613
19101077507
21000948075
21101030407
20101017913
21101008333
21101029430
19101033349
21101017189
21101030217
21101031640
18101024468
21101029953
22009219212
20101031419
21101031459
21101029781
21101029484
21101029069
21101029704
20101077661
21201030085
18201031080
21201031972
21201018659
21201011873
21201077326
21201029690
18201078931
21201029998
20201006623
21201021144
20201014154
19201011427
21201054527
20201011652
19201078602
20201029749
21201029017
21201031456
20201029764
21201029787
19201027727
21201031363
21201031441
21201030761
20201055335
21201055806
19201077329
20201031991
19201029199
21201058817
20201021852
21201029872
20201029999
19201028298
19201007610
20201024679
19201078392
21201027951
20201085212
20201008045
21201077589
21201078373
20201031523
22201054540
21201078025
21201028303
20201054750
22009218038
20201006042
19201030968
20201029603
21201054595
20201024008
21201032578
21201068188
20000677047
21201031402
21201031079
21201077250
21201010792
20201021282
20201018275
20201006563
18201099299
21201031864
21201077002
19201007597
21201008042
20201007635
21201008703
21201029163
17201077169
19201024270
19201054645
19201010951
21201054996
19201007199
19201010439
22201008817
20103052515
22201045977
21201077999
19201021518
19201021346
19201006942
19201006397
22201008193
19201024658
19201026900